BSPLINE
32
4

3 3
-3 3
-3 -3
3 -3
0.5
0 0 0 0
0 5 0

3 3
-3 3
-3 -3
3 -3
0.7
0 0 0 0
0 2.5 0

3 3
-3 3
-3 -3
3 -3
1.5
0 0 0 0
0 0 0

3 3
-3 3
-3 -3
3 -3
3
0 0 0 0
0 0 0

3 3
-3 3
-3 -3
3 -3
5
0 0 0 0
0 4 0

3 3
-3 3
-3 -3
3 -3
6
0 0 0 0
0 8 0

3 3
-3 3
-3 -3
3 -3
6
0 0 0 0
0 12 0

3 3
-3 3
-3 -3
3 -3
5.5
0 0 0 0
0 16 0

3 3
-3 3
-3 -3
3 -3
4.8
0 0 0 0
0 20 0

3 3
-3 3
-3 -3
3 -3
4
0 0 0 0
0 24 0

3 3
-3 3
-3 -3
3 -3
3.05
0 0 0 0
0 28 0

3 3
-3 3
-3 -3
3 -3
2.45
0 0 0 0
0 32 0

3 3
-3 3
-3 -3
3 -3
1.95
0 0 0 0
0 36 0

3 3
-3 3
-3 -3
3 -3
1.6
0 0 0 0
0 40 0

3 3
-3 3
-3 -3
3 -3
1.4
0 0 0 0
0 44 0

3 3
-3 3
-3 -3
3 -3
1.3
0 0 0 0
0 48 0

3 3
-3 3
-3 -3
3 -3
1.1
-0.785398 0 0 1
1.6 51 0

3 3
-3 3
-3 -3
3 -3
0.9
-1.570796 0 0 1
5 52 0

3 3
-3 3
-3 -3
3 -3
0.8
-2.356194 0 0 1
8 51 0

3 3
-3 3
-3 -3
3 -3
0.9
-2.9 0 0 1
10 48 0

3 3
-3 3
-3 -3
3 -3
0.8
-3.1 0 0 1
11 44 0

3 3
-3 3
-3 -3
3 -3
0.79
-3.3 0 0 1
11.3 41 0

3 3
-3 3
-3 -3
3 -3
0.78
-3.6 0 0 1
11.1 37 0

3 3
-3 3
-3 -3
3 -3
0.77
-3.8 0 0 1
10.8 34 0

3 3
-3 3
-3 -3
3 -3
0.76
-3.9 0 0 1
10 31 0

3 3
-3 3
-3 -3
3 -3
0.75
-3.9 0 0 1
9 28 0

3 3
-3 3
-3 -3
3 -3
0.73
-3.7 0 0 1
7 24 0

3 3
-3 3
-3 -3
3 -3
0.7
-3.5 0 0 1
5 20 0

3 3
-3 3
-3 -3
3 -3
0.66
-3.35 0 0 1
3.5 16 0

3 3
-3 3
-3 -3
3 -3
0.61
-3.29 0 0 1
2 12 0

3 3
-3 3
-3 -3
3 -3
0.55
-3.14 0 0 1
1 8 0

3 3
-3 3
-3 -3
3 -3
0.5
-3.14 0 0 1
0 5 0
